chips

linear
0.1 0.423728813559322
0.5 0.4322033898305085
1 0.4491525423728814
5 0.4491525423728814
10 0.4491525423728814
50 0.4491525423728814

polinomial
0.1 2
0.4491525423728814
0.1 3
0.4152542372881356
0.1 4
0.4322033898305085
0.1 5
0.4067796610169492
0.5 2
0.7033898305084746
0.5 3
0.5084745762711864
0.5 4
0.7203389830508474
0.5 5
0.4915254237288136
1 2
0.7203389830508474
1 3
0.5423728813559322
1 4
0.7288135593220338
1 5
0.652542372881356
5 2 !!
0.7372881355932204
5 3
0.6271186440677966
5 4
0.7203389830508474
5 5
0.6779661016949152
10 2
0.7288135593220338
10 3
0.6186440677966102
10 4
0.7203389830508474
10 5
0.6779661016949152
50 2
0.7288135593220338
50 3
0.6186440677966102
50 4
0.7288135593220338
50 5
0.6610169491525424

gaussian
0.1 0.1
0.4067796610169492
0.1 0.5
0.5508474576271186
0.1 1
0.423728813559322
0.1 5
0.4067796610169492
0.5 0.1
0.652542372881356
0.5 0.5
0.7796610169491526
0.5 1
0.6610169491525424
0.5 5
0.423728813559322
1 0.1
0.6610169491525424
1 0.5
0.788135593220339
1 1
0.788135593220339
1 5
0.423728813559322
5 0.1
0.6440677966101694
5 0.5 !!
0.8050847457627118
5 1
0.7966101694915254
5 5
0.4067796610169492
10 0.1
0.6271186440677966
10 0.5
0.8135593220338984
10 1 !!
0.8220338983050848
10 5
0.4576271186440678
50 0.1
0.635593220338983
50 0.5
0.7796610169491526
50 1
0.8050847457627118
50 5
0.4915254237288136

geyser
linear
0.1
0.8963963963963963
0.5
0.9054054054054054
1 !!
0.9054054054054054
5
0.9054054054054054
10
0.8558558558558559
50
0.8558558558558559

polinomial
0.1 2 !!
0.8738738738738738
0.1 3
0.5675675675675675
0.1 4
0.5765765765765766
0.1 5
0.5315315315315315
0.5 2
0.8018018018018018
0.5 3
0.5540540540540541
0.5 4
0.5540540540540541
0.5 5
0.481981981981982
1 2
0.8648648648648649
1 3
0.5405405405405406
1 4
0.5180180180180181
1 5
0.44594594594594594
5 2
0.8063063063063063
5 3
0.5540540540540541
0.5 4
0.5540540540540541
0.5 5
0.481981981981982
1 2
0.8648648648648649
1 3
0.5405405405405406
1 4
0.5180180180180181
1 5
0.44594594594594594
5 2
0.8063063063063063
5 3
0.5900900900900901
5 4
0.5225225225225225
5 5
0.33783783783783783
10 2
0.6486486486486487
10 3
0.5180180180180181
10 4
0.5990990990990991
10 5
0.509009009009009
50 2
0.6531531531531531
50 3
0.5495495495495496
50 4
0.5585585585585585
50 5
0.527027027027027



0.1 0.1
0.6036036036036037
0.1 0.5
0.6036036036036037
0.1 1
0.8513513513513513
0.1 5
0.6036036036036037
0.5 0.1
0.7297297297297297
0.5 0.5
0.8828828828828829
0.5 1 !!
0.9099099099099099
0.5 5
0.8918918918918919
1 0.1
0.7792792792792793
1 0.5
0.8828828828828829
1 1
0.8963963963963963
1 5
0.8918918918918919
5 0.1
0.7657657657657657
5 0.5
0.8693693693693694
5 1
0.8963963963963963
5 5
0.9009009009009009
10 0.1
0.7657657657657657
10 0.5
0.8513513513513513
10 1
0.8873873873873874
10 5
0.9054054054054054
50 0.1
0.7657657657657657
50 0.5
0.8378378378378378
50 1
0.8648648648648649
50 5
0.9054054054054054
