 -3.86304578e+00  4.48297326e+00  4.50565185e+00 -4.09573824e+00
 -3.60709500e+00 -2.44938564e+00  1.54359211e+00 -2.89838427e+00
  4.57568377e+00  2.72150443e+00  2.19150858e+00 -3.18849170e+00
  1.72594119e-01  3.45347558e+00 -2.15939979e-01 -4.38411733e+00
 -3.93902694e+00  4.58109884e+00 -4.79700687e+00 -1.34595618e+00
 -3.99916080e+00  2.50067206e+00 -2.97182055e+00 -4.19946035e+00
  2.45581226e-01 -8.51593636e-01 -3.20214306e+00 -4.30787321e+00
  1.40527472e+00 -3.78958082e+00  8.30311277e-01  9.27918097e-01
 -3.15559448e-01  4.85565116e+00 -3.46554131e+00  2.07079297e+00
 -4.38931581e+00 -4.04643545e+00  1.83752210e+00 -9.97408752e-01
  1.30687861e+00  2.62474223e+00 -4.57524544e+00  1.25454098e+00
 -2.90101435e+00 -7.78989789e-01  2.38352245e+00  3.41339612e+00
 -8.54350029e-01 -6.80173175e-01  4.35851236e+00 -6.36419451e-01
 -1.79992141e-02 -2.19856299e+00 -1.88564631e+00  4.61091932e+00
  1.20647803e+00 -1.16385937e+00  2.32442903e+00  1.63388994e-01
 -3.02525988e+00  9.15085407e-01 -3.17217970e+00 -3.28465708e+00
 -4.04281733e+00  2.96173938e+00 -3.44430077e+00  2.43673482e+00
  3.29766754e+00  8.50638303e-01 -3.23075063e+00  2.13174734e+00
 -1.77067492e+00  2.68334123e+00  9.91221759e-04 -1.40009920e+00
 -3.27138612e-01 -1.84479811e+00 -9.68970932e-01 -2.39990534e+00
  9.20215568e-01  3.29552271e+00  1.61322514e+00 -1.90857708e+00
 -4.88806056e+00 -1.10471674e+00 -4.34181420e+00  3.81566726e+00
 -1.75948058e+00  3.05967813e+00  4.12084998e-01  3.49407934e+00
  4.42143087e+00 -2.02741516e+00 -3.26196478e+00 -1.58532249e+00
 -3.57304324e+00 -3.19797072e+00 -4.13300686e+00 -2.24474444e+00
  6.25526497e-01 -6.76354568e-01 -9.23607753e-01 -3.35459080e+00
 -1.92900077e+00  1.64941108e+00  4.96713948e+00  3.13153918e+00
  3.04251872e+00  4.02126230e+00  3.73918320e+00 -1.58973976e+00
 -4.85715807e+00  3.61370848e+00 -1.30283481e+00 -2.94592534e+00
  2.43251995e+00 -4.25323825e+00  3.75364590e+00 -1.26127480e+00
  3.07421092e+00  1.73757165e+00  2.15670826e-01 -1.25056486e+00
 -3.52533406e+00  9.32358642e-02  1.12535958e+00  1.89830905e+00
 -4.69566953e-02  3.44831411e+00  2.30103999e+00 -3.80301561e+00
 -4.90228150e-01 -2.89453665e+00  1.49117504e+00 -1.14150865e+00
 -1.12077260e+00  4.47622168e+00 -2.65734712e+00 -2.62146828e+00
 -1.11372003e+00 -1.90701604e+00  3.08371389e+00  2.81982165e-01
 -3.82663262e+00 -1.75811660e+00  1.14186331e+00  3.23969202e+00
  1.78489312e+00  3.51610874e+00 -2.36437968e+00  2.94132313e+00
 -3.31611959e+00 -1.35237599e+00  3.30599271e+00 -8.56000783e-01
 -4.90820612e+00 -3.19732375e+00  2.22681826e-01  1.02912947e+00
 -3.26622469e+00 -1.12776376e-01  3.54090031e+00  4.95059332e-01
  2.02153778e+00  6.85557380e-02 -3.94120870e+00 -1.60643946e+00
  3.19856959e+00 -1.92469170e+00  2.78804038e+00 -3.00447749e+00
 -6.57183423e-01  1.65284184e+00 -1.55430067e-01  1.16016973e+00
  1.50256638e+00 -3.49258276e+00 -4.30109890e+00 -4.68065147e+00
  4.60136170e-02 -2.49944398e+00  3.87742320e+00 -1.38389854e+00
  4.94123090e+00 -3.00384264e+00 -8.58379960e-01  3.30240703e+00
 -1.04318476e+00  6.41216836e-01 -4.14609974e+00 -1.34208647e+00
 -3.12612594e+00  2.93661822e-01 -2.57035301e+00 -4.67907402e+00
  3.23582173e+00 -3.61395236e+00 -1.30498272e-01 -2.46140925e+00
  4.35497053e+00 -2.66179068e+00 -4.10431098e+00 -4.62581855e-01
 -1.56400572e+00 -2.55402399e+00 -2.24506610e-01 -9.96983260e-01
  2.48127317e+00 -2.67887149e+00 -1.87038869e+00  2.49941982e+00
  2.68442848e+00  2.98648537e+00 -1.33736016e+00 -1.68516306e+00
 -2.80232099e+00  1.03006074e+00 -1.81740993e-02 -4.73904527e+00
 -7.34249378e-01 -2.60160320e+00  2.50445232e+00  9.55817629e-01
 -1.44089488e+00 -8.37332127e-01 -3.73801103e+00 -5.98760931e-01
 -5.75405690e-01  1.15898234e+00 -4.73727627e+00  3.81015988e+00
 -4.32925007e+00 -4.54432980e+00  1.46228066e-01  3.59259565e+00
 -7.46604427e-02 -9.23231420e-01 -1.18239596e+00  1.52042379e+00
  1.57062302e+00 -1.17094928e+00 -2.51317753e+00 -2.14370932e+00
 -3.23593089e+00  3.51481465e+00  4.48476623e+00  4.77927304e+00
 -5.48023050e-02 -3.55696196e+00  1.76154126e+00 -3.55329934e-01
  3.46979120e+00  1.37188187e+00 -8.45532178e-01  3.02181721e+00
 -1.12973427e+00 -3.83768763e+00 -8.02613813e-01  6.76741895e-01
  9.04263979e-01  4.23470077e+00  2.28584871e+00 -2.01748287e+00
 -1.23416932e+00  4.00712140e+00  4.93832173e+00 -3.25089890e+00
 -9.13617661e-01  2.78112627e+00 -3.29883620e+00 -2.36945523e+00
 -3.59485036e+00 -4.34938570e+00  3.59144917e+00 -3.70622085e+00
  4.48795036e+00  4.29848300e+00  3.83807274e+00 -3.26779090e+00
  4.00493992e+00 -3.67792805e+00 -1.93137297e+00  4.98398497e+00
  4.64564955e+00  2.98228222e-01 -2.22347692e+00 -4.55391763e+00
  2.29428481e+00 -4.16688986e-01  2.10274451e+00 -1.47608053e-01
 -2.25363961e+00 -4.68970630e+00  3.97592711e+00  1.08710324e+00
  1.72629931e+00 -4.08199931e+00  3.49349363e+00  3.76711994e+00
 -3.04137581e+00 -2.98141343e+00  4.13442271e+00  1.47389470e+00
  6.19622771e-02  1.39831604e+00 -3.41585501e-01 -7.41885674e-01
  2.85846844e+00  3.09626675e+00  1.05326732e+00 -6.85543262e-01
  1.88509361e+00  1.97751443e+00  3.07401278e+00 -3.35503761e+00
 -4.48047677e+00  9.94569141e-01 -1.80794051e+00  4.48818807e+00
  1.25153369e+00  4.85597783e+00  4.94172221e+00  3.36830496e+00
  4.14955231e+00  4.24919800e-01  2.09639739e+00 -3.36185357e+00
 -1.86489497e+00 -4.35882276e+00 -2.52207403e+00 -5.93312043e-01
  2.56543078e-01  2.81826142e+00  7.85590902e-01  3.02587067e+00
  4.00684952e+00  3.37031718e+00  1.73552127e+00 -1.18011597e+00
 -2.06751071e+00 -3.00972969e+00  2.89461573e+00  4.90920692e-01
  1.08751177e+00 -3.41901844e+00  6.73230388e-01  6.05181949e-01
 -7.52411200e-01  3.92406714e+00 -2.33719361e+00 -1.04845695e+00
 -4.99106057e+00 -3.92541710e+00  2.30692591e+00  4.97993682e+00
  1.65805235e+00 -2.13181615e+00 -1.07565022e+00  4.85870874e+00
  1.00578779e+00 -2.78276835e+00  3.92684037e+00 -1.52093625e-02
 -4.22251192e+00 -3.19099243e+00  3.23769011e+00  4.47887644e+00
 -3.22572901e-01  6.60952835e-01  4.30364810e+00 -3.06054874e+00
 -1.00081932e+00  2.86030435e+00  2.03164124e+00 -2.55923533e+00
 -1.78438754e+00 -2.44200976e+00 -3.47024833e+00 -3.27536855e+00
 -2.32193092e+00  1.48587944e+00  3.67562744e+00 -1.16568349e+00
  2.06023337e+00 -2.66637974e-01 -4.01805165e+00 -1.28509814e+00
 -4.03534556e+00 -3.04727120e+00 -4.68077590e+00  6.79582074e-01
  1.39956069e+00 -1.49192052e+00  3.83465914e+00 -1.13018560e+00
 -1.06822469e+00 -1.12709538e+00 -3.91838847e+00  5.98593965e-01
 -2.46741308e+00  2.10946669e+00  1.66971412e+00  3.67489588e+00
  4.99833705e+00  2.89584098e+00  1.13645672e+00 -5.43134061e-01
  1.89569835e+00  2.60143572e+00  3.68191438e+00 -4.49739448e-01
 -2.84041587e+00  1.80350391e+00 -3.81438078e+00 -1.07509612e+00
 -1.49595860e+00  3.29665347e+00  2.75501619e+00 -2.53043642e+00
  4.66428923e+00 -3.33165812e+00 -1.99835310e+00 -1.56379164e-01
  4.09433553e+00  4.93369144e-01 -2.38203561e+00 -3.21589249e+00
  5.99991853e-01